0 1
0 2
0 3
0 5
0 6
0 7
0 9
0 11
0 12
0 13
0 14
0 17
0 18
0 22
0 24
0 25
0 26
0 28
0 29
0 30
0 31
0 32
0 33
0 34
0 37
0 46
0 51
0 52
0 54
0 55
0 57
0 63
0 66
0 67
0 69
0 71
0 73
0 77
0 78
0 79
0 82
0 83
0 84
0 88
0 89
0 92
0 93
0 94
1 2
1 3
1 5
1 6
1 7
1 9
1 11
1 12
1 13
1 14
1 17
1 18
1 22
1 24
1 25
1 26
1 28
1 29
1 30
1 31
1 32
1 33
1 34
1 37
1 46
1 51
1 52
1 54
1 55
1 57
1 63
1 66
1 67
1 69
1 71
1 73
1 77
1 78
1 79
1 82
1 83
1 84
1 88
1 89
1 92
1 93
1 94
2 3
2 4
2 5
2 6
2 7
2 8
2 9
2 10
2 11
2 12
2 13
2 14
2 15
2 16
2 17
2 18
2 19
2 20
2 21
2 22
2 23
2 24
2 25
2 26
2 27
2 28
2 29
2 30
2 31
2 32
2 33
2 34
2 35
2 36
2 37
2 38
2 39
2 40
2 41
2 42
2 43
2 44
2 45
2 46
2 47
2 48
2 49
2 50
2 51
2 52
2 53
2 54
2 55
2 56
2 57
2 58
2 59
2 60
2 61
2 62
2 63
2 64
2 65
2 66
2 67
2 68
2 69
2 70
2 71
2 72
2 73
2 74
2 75
2 76
2 77
2 78
2 79
2 80
2 81
2 82
2 83
2 84
2 85
2 86
2 87
2 88
2 89
2 90
2 91
2 92
2 93
2 94
3 4
3 8
3 9
3 11
3 13
3 14
3 22
3 25
3 26
3 29
3 30
3 31
3 33
3 34
3 36
3 37
3 38
3 40
3 41
3 45
3 46
3 47
3 51
3 55
3 57
3 61
3 62
3 64
3 65
3 68
3 70
3 71
3 74
3 75
3 76
3 77
3 78
3 80
3 83
3 84
3 88
3 89
3 91
3 93
3 94
4 8
4 9
4 11
4 14
4 22
4 25
4 26
4 28
4 29
4 30
4 33
4 36
4 37
4 38
4 40
4 41
4 46
4 47
4 48
4 51
4 52
4 55
4 57
4 61
4 62
4 63
4 64
4 68
4 69
4 70
4 71
4 72
4 74
4 76
4 77
4 78
4 79
4 83
4 84
4 88
4 91
4 94
5 7
5 11
5 12
5 13
5 14
5 16
5 18
5 22
5 24
5 26
5 28
5 29
5 30
5 31
5 32
5 33
5 34
5 37
5 38
5 41
5 44
5 46
5 51
5 52
5 54
5 55
5 56
5 58
5 59
5 63
5 66
5 67
5 69
5 70
5 71
5 73
5 74
5 77
5 78
5 79
5 83
5 84
5 88
5 89
5 91
5 92
5 93
5 94
6 10
6 11
6 13
6 14
6 16
6 17
6 19
6 22
6 26
6 27
6 29
6 30
6 31
6 33
6 34
6 36
6 37
6 40
6 44
6 46
6 47
6 50
6 51
6 53
6 55
6 56
6 58
6 59
6 62
6 64
6 68
6 71
6 76
6 77
6 78
6 81
6 82
6 83
6 84
6 88
6 89
6 93
6 94
7 11
7 12
7 13
7 14
7 16
7 18
7 22
7 24
7 26
7 28
7 29
7 30
7 31
7 32
7 33
7 34
7 37
7 38
7 41
7 44
7 46
7 51
7 52
7 54
7 55
7 56
7 58
7 59
7 63
7 66
7 67
7 69
7 70
7 71
7 73
7 74
7 77
7 78
7 79
7 83
7 84
7 88
7 89
7 91
7 92
7 93
7 94
8 9
8 11
8 14
8 22
8 25
8 26
8 28
8 29
8 30
8 33
8 36
8 37
8 38
8 40
8 41
8 46
8 47
8 48
8 51
8 52
8 55
8 57
8 61
8 62
8 63
8 64
8 68
8 69
8 70
8 71
8 72
8 74
8 76
8 77
8 78
8 79
8 83
8 84
8 88
8 91
8 94
9 11
9 13
9 14
9 22
9 25
9 26
9 29
9 30
9 31
9 33
9 34
9 36
9 37
9 38
9 40
9 41
9 45
9 46
9 47
9 51
9 55
9 57
9 61
9 62
9 64
9 65
9 68
9 70
9 71
9 74
9 75
9 76
9 77
9 78
9 80
9 83
9 84
9 88
9 89
9 91
9 93
9 94
10 11
10 14
10 15
10 17
10 19
10 20
10 22
10 24
10 26
10 29
10 30
10 32
10 33
10 37
10 46
10 50
10 51
10 54
10 55
10 66
10 67
10 71
10 73
10 77
10 78
10 82
10 83
10 84
10 87
10 88
10 92
10 94
11 12
11 13
11 14
11 15
11 16
11 17
11 18
11 19
11 20
11 21
11 22
11 23
11 24
11 25
11 26
11 27
11 28
11 29
11 30
11 31
11 32
11 33
11 34
11 35
11 36
11 37
11 38
11 39
11 40
11 41
11 42
11 43
11 44
11 45
11 46
11 47
11 48
11 49
11 50
11 51
11 52
11 53
11 54
11 55
11 56
11 57
11 58
11 59
11 60
11 61
11 62
11 63
11 64
11 65
11 66
11 67
11 68
11 69
11 70
11 71
11 72
11 73
11 74
11 75
11 76
11 77
11 78
11 79
11 80
11 81
11 82
11 83
11 84
11 85
11 86
11 87
11 88
11 89
11 90
11 91
11 92
11 93
11 94
12 13
12 14
12 16
12 18
12 22
12 24
12 26
12 28
12 29
12 30
12 31
12 32
12 33
12 34
12 37
12 38
12 41
12 44
12 46
12 51
12 52
12 54
12 55
12 56
12 58
12 59
12 63
12 66
12 67
12 69
12 70
12 71
12 73
12 74
12 77
12 78
12 79
12 83
12 84
12 88
12 89
12 91
12 92
12 93
12 94
13 14
13 17
13 18
13 22
13 24
13 25
13 26
13 28
13 29
13 30
13 31
13 32
13 33
13 34
13 37
13 46
13 51
13 52
13 54
13 55
13 57
13 63
13 66
13 67
13 69
13 71
13 73
13 77
13 78
13 79
13 82
13 83
13 84
13 88
13 89
13 92
13 93
13 94
14 15
14 16
14 17
14 18
14 19
14 20
14 21
14 22
14 23
14 24
14 25
14 26
14 27
14 28
14 29
14 30
14 31
14 32
14 33
14 34
14 35
14 36
14 37
14 38
14 39
14 40
14 41
14 42
14 43
14 44
14 45
14 46
14 47
14 48
14 49
14 50
14 51
14 52
14 53
14 54
14 55
14 56
14 57
14 58
14 59
14 60
14 61
14 62
14 63
14 64
14 65
14 66
14 67
14 68
14 69
14 70
14 71
14 72
14 73
14 74
14 75
14 76
14 77
14 78
14 79
14 80
14 81
14 82
14 83
14 84
14 85
14 86
14 87
14 88
14 89
14 90
14 91
14 92
14 93
14 94
15 19
15 20
15 22
15 24
15 26
15 27
15 29
15 30
15 32
15 33
15 37
15 39
15 46
15 50
15 51
15 53
15 54
15 55
15 66
15 67
15 71
15 73
15 77
15 78
15 81
15 83
15 84
15 87
15 88
15 92
15 94
16 17
16 18
16 22
16 26
16 27
16 29
16 30
16 33
16 36
16 37
16 40
16 44
16 46
16 47
16 51
16 53
16 55
16 56
16 58
16 59
16 62
16 64
16 68
16 71
16 76
16 77
16 78
16 81
16 82
16 83
16 84
16 88
16 94
17 19
17 22
17 26
17 27
17 29
17 30
17 31
17 33
17 34
17 36
17 37
17 40
17 44
17 46
17 47
17 50
17 51
17 53
17 55
17 56
17 58
17 59
17 62
17 64
17 68
17 71
17 76
17 77
17 78
17 81
17 82
17 83
17 84
17 88
17 89
17 93
17 94
18 22
18 24
18 26
18 28
18 29
18 30
18 31
18 32
18 33
18 34
18 37
18 38
18 41
18 44
18 46
18 51
18 52
18 54
18 55
18 56
18 58
18 59
18 63
18 66
18 67
18 69
18 70
18 71
18 73
18 74
18 77
18 78
18 79
18 83
18 84
18 88
18 89
18 91
18 92
18 93
18 94
19 20
19 22
19 24
19 26
19 29
19 30
19 32
19 33
19 37
19 46
19 50
19 51
19 54
19 55
19 66
19 67
19 71
19 73
19 77
19 78
19 82
19 83
19 84
19 87
19 88
19 92
19 94
20 22
20 24
20 26
20 27
20 29
20 30
20 32
20 33
20 37
20 39
20 46
20 50
20 51
20 53
20 54
20 55
20 66
20 67
20 71
20 73
20 77
20 78
20 81
20 83
20 84
20 87
20 88
20 92
20 94
21 22
21 24
21 26
21 29
21 30
21 32
21 33
21 35
21 37
21 38
21 41
21 45
21 46
21 48
21 49
21 51
21 54
21 55
21 65
21 66
21 67
21 70
21 71
21 72
21 73
21 74
21 75
21 77
21 78
21 80
21 83
21 84
21 85
21 88
21 91
21 92
21 94
22 23
22 24
22 25
22 26
22 27
22 28
22 29
22 30
22 31
22 32
22 33
22 34
22 35
22 36
22 37
22 38
22 39
22 40
22 41
22 42
22 43
22 44
22 45
22 46
22 47
22 48
22 49
22 50
22 51
22 52
22 53
22 54
22 55
22 56
22 57
22 58
22 59
22 60
22 61
22 62
22 63
22 64
22 65
22 66
22 67
22 68
22 69
22 70
22 71
22 72
22 73
22 74
22 75
22 76
22 77
22 78
22 79
22 80
22 81
22 82
22 83
22 84
22 85
22 86
22 87
22 88
22 89
22 90
22 91
22 92
22 93
22 94
23 26
23 29
23 30
23 33
23 36
23 37
23 39
23 40
23 46
23 47
23 51
23 55
23 62
23 64
23 68
23 71
23 76
23 77
23 78
23 83
23 84
23 88
23 94
24 26
24 28
24 29
24 30
24 31
24 32
24 33
24 34
24 35
24 37
24 45
24 46
24 48
24 50
24 51
24 52
24 54
24 55
24 60
24 63
24 65
24 66
24 67
24 69
24 71
24 72
24 73
24 75
24 77
24 78
24 79
24 80
24 83
24 84
24 86
24 87
24 88
24 89
24 90
24 92
24 93
24 94
25 26
25 29
25 30
25 31
25 33
25 34
25 36
25 37
25 38
25 40
25 41
25 45
25 46
25 47
25 51
25 55
25 57
25 61
25 62
25 64
25 65
25 68
25 70
25 71
25 74
25 75
25 76
25 77
25 78
25 80
25 83
25 84
25 88
25 89
25 91
25 93
25 94
26 27
26 28
26 29
26 30
26 31
26 32
26 33
26 34
26 35
26 36
26 37
26 38
26 39
26 40
26 41
26 42
26 43
26 44
26 45
26 46
26 47
26 48
26 49
26 50
26 51
26 52
26 53
26 54
26 55
26 56
26 57
26 58
26 59
26 60
26 61
26 62
26 63
26 64
26 65
26 66
26 67
26 68
26 69
26 70
26 71
26 72
26 73
26 74
26 75
26 76
26 77
26 78
26 79
26 80
26 81
26 82
26 83
26 84
26 85
26 86
26 87
26 88
26 89
26 90
26 91
26 92
26 93
26 94
27 28
27 29
27 30
27 33
27 36
27 37
27 40
27 44
27 46
27 47
27 51
27 52
27 53
27 55
27 56
27 58
27 59
27 62
27 63
27 64
27 68
27 69
27 71
27 76
27 77
27 78
27 79
27 81
27 82
27 83
27 84
27 87
27 88
27 94
28 29
28 30
28 31
28 32
28 33
28 34
28 37
28 46
28 51
28 52
28 53
28 54
28 55
28 61
28 63
28 66
28 67
28 69
28 71
28 73
28 77
28 78
28 79
28 81
28 83
28 84
28 88
28 89
28 92
28 93
28 94
29 30
29 31
29 32
29 33
29 34
29 35
29 36
29 37
29 38
29 39
29 40
29 41
29 42
29 43
29 44
29 45
29 46
29 47
29 48
29 49
29 50
29 51
29 52
29 53
29 54
29 55
29 56
29 57
29 58
29 59
29 60
29 61
29 62
29 63
29 64
29 65
29 66
29 67
29 68
29 69
29 70
29 71
29 72
29 73
29 74
29 75
29 76
29 77
29 78
29 79
29 80
29 81
29 82
29 83
29 84
29 85
29 86
29 87
29 88
29 89
29 90
29 91
29 92
29 93
29 94
30 31
30 32
30 33
30 34
30 35
30 36
30 37
30 38
30 39
30 40
30 41
30 42
30 43
30 44
30 45
30 46
30 47
30 48
30 49
30 50
30 51
30 52
30 53
30 54
30 55
30 56
30 57
30 58
30 59
30 60
30 61
30 62
30 63
30 64
30 65
30 66
30 67
30 68
30 69
30 70
30 71
30 72
30 73
30 74
30 75
30 76
30 77
30 78
30 79
30 80
30 81
30 82
30 83
30 84
30 85
30 86
30 87
30 88
30 89
30 90
30 91
30 92
30 93
30 94
31 32
31 33
31 34
31 37
31 46
31 51
31 52
31 54
31 55
31 57
31 63
31 66
31 67
31 69
31 71
31 73
31 77
31 78
31 79
31 82
31 83
31 84
31 88
31 89
31 92
31 93
31 94
32 33
32 34
32 35
32 37
32 45
32 46
32 48
32 50
32 51
32 52
32 54
32 55
32 60
32 63
32 65
32 66
32 67
32 69
32 71
32 72
32 73
32 75
32 77
32 78
32 79
32 80
32 83
32 84
32 86
32 87
32 88
32 89
32 90
32 92
32 93
32 94
33 34
33 35
33 36
33 37
33 38
33 39
33 40
33 41
33 42
33 43
33 44
33 45
33 46
33 47
33 48
33 49
33 50
33 51
33 52
33 53
33 54
33 55
33 56
33 57
33 58
33 59
33 60
33 61
33 62
33 63
33 64
33 65
33 66
33 67
33 68
33 69
33 70
33 71
33 72
33 73
33 74
33 75
33 76
33 77
33 78
33 79
33 80
33 81
33 82
33 83
33 84
33 85
33 86
33 87
33 88
33 89
33 90
33 91
33 92
33 93
33 94
34 37
34 46
34 51
34 52
34 54
34 55
34 57
34 63
34 66
34 67
34 69
34 71
34 73
34 77
34 78
34 79
34 82
34 83
34 84
34 88
34 89
34 92
34 93
34 94
35 37
35 38
35 41
35 45
35 46
35 48
35 49
35 51
35 54
35 55
35 65
35 66
35 67
35 70
35 71
35 72
35 73
35 74
35 75
35 77
35 78
35 80
35 83
35 84
35 85
35 88
35 91
35 92
35 94
36 37
36 38
36 39
36 40
36 41
36 42
36 43
36 44
36 46
36 47
36 49
36 51
36 53
36 55
36 56
36 57
36 58
36 59
36 61
36 62
36 64
36 68
36 70
36 71
36 74
36 76
36 77
36 78
36 81
36 82
36 83
36 84
36 85
36 88
36 91
36 94
37 38
37 39
37 40
37 41
37 42
37 43
37 44
37 45
37 46
37 47
37 48
37 49
37 50
37 51
37 52
37 53
37 54
37 55
37 56
37 57
37 58
37 59
37 60
37 61
37 62
37 63
37 64
37 65
37 66
37 67
37 68
37 69
37 70
37 71
37 72
37 73
37 74
37 75
37 76
37 77
37 78
37 79
37 80
37 81
37 82
37 83
37 84
37 85
37 86
37 87
37 88
37 89
37 90
37 91
37 92
37 93
37 94
38 40
38 41
38 46
38 47
38 51
38 55
38 57
38 61
38 62
38 64
38 68
38 70
38 71
38 74
38 76
38 77
38 78
38 83
38 84
38 88
38 91
38 94
39 40
39 46
39 47
39 51
39 55
39 62
39 64
39 68
39 71
39 76
39 77
39 78
39 83
39 84
39 87
39 88
39 94
40 41
40 42
40 43
40 44
40 46
40 47
40 49
40 51
40 53
40 55
40 56
40 57
40 58
40 59
40 61
40 62
40 64
40 68
40 70
40 71
40 74
40 76
40 77
40 78
40 81
40 82
40 83
40 84
40 85
40 88
40 91
40 94
41 46
41 47
41 51
41 55
41 57
41 61
41 62
41 64
41 68
41 70
41 71
41 74
41 76
41 77
41 78
41 83
41 84
41 88
41 91
41 94
42 43
42 46
42 47
42 48
42 49
42 51
42 55
42 60
42 62
42 64
42 68
42 71
42 72
42 76
42 77
42 78
42 83
42 84
42 85
42 88
42 94
43 46
43 47
43 48
43 49
43 51
43 55
43 60
43 62
43 64
43 68
43 71
43 72
43 76
43 77
43 78
43 83
43 84
43 85
43 88
43 94
44 46
44 47
44 51
44 53
44 55
44 56
44 58
44 59
44 62
44 64
44 68
44 71
44 76
44 77
44 78
44 81
44 82
44 83
44 84
44 88
44 94
45 46
45 48
45 51
45 54
45 55
45 57
45 65
45 66
45 67
45 71
45 72
45 73
45 75
45 77
45 78
45 80
45 83
45 84
45 88
45 92
45 94
46 47
46 48
46 49
46 50
46 51
46 52
46 53
46 54
46 55
46 56
46 57
46 58
46 59
46 60
46 61
46 62
46 63
46 64
46 65
46 66
46 67
46 68
46 69
46 70
46 71
46 72
46 73
46 74
46 75
46 76
46 77
46 78
46 79
46 80
46 81
46 82
46 83
46 84
46 85
46 86
46 87
46 88
46 89
46 90
46 91
46 92
46 93
46 94
47 49
47 51
47 53
47 55
47 56
47 57
47 58
47 59
47 61
47 62
47 64
47 68
47 70
47 71
47 74
47 76
47 77
47 78
47 81
47 82
47 83
47 84
47 85
47 88
47 91
47 94
48 51
48 54
48 55
48 61
48 65
48 66
48 67
48 71
48 72
48 73
48 75
48 77
48 78
48 80
48 83
48 84
48 88
48 92
48 94
49 51
49 55
49 62
49 64
49 68
49 71
49 76
49 77
49 78
49 83
49 84
49 85
49 88
49 90
49 94
50 51
50 54
50 55
50 66
50 67
50 71
50 73
50 77
50 78
50 82
50 83
50 84
50 87
50 88
50 92
50 94
51 52
51 53
51 54
51 55
51 56
51 57
51 58
51 59
51 60
51 61
51 62
51 63
51 64
51 65
51 66
51 67
51 68
51 69
51 70
51 71
51 72
51 73
51 74
51 75
51 76
51 77
51 78
51 79
51 80
51 81
51 82
51 83
51 84
51 85
51 86
51 87
51 88
51 89
51 90
51 91
51 92
51 93
51 94
52 53
52 54
52 55
52 61
52 63
52 66
52 67
52 69
52 71
52 73
52 77
52 78
52 79
52 81
52 83
52 84
52 88
52 89
52 92
52 93
52 94
53 55
53 56
53 58
53 59
53 62
53 63
53 64
53 68
53 69
53 71
53 76
53 77
53 78
53 79
53 81
53 82
53 83
53 84
53 87
53 88
53 94
54 55
54 60
54 63
54 65
54 66
54 67
54 69
54 71
54 72
54 73
54 75
54 77
54 78
54 79
54 80
54 83
54 84
54 86
54 87
54 88
54 89
54 90
54 92
54 93
54 94
55 56
55 57
55 58
55 59
55 60
55 61
55 62
55 63
55 64
55 65
55 66
55 67
55 68
55 69
55 70
55 71
55 72
55 73
55 74
55 75
55 76
55 77
55 78
55 79
55 80
55 81
55 82
55 83
55 84
55 85
55 86
55 87
55 88
55 89
55 90
55 91
55 92
55 93
55 94
56 58
56 59
56 62
56 64
56 68
56 71
56 76
56 77
56 78
56 81
56 82
56 83
56 84
56 88
56 94
57 61
57 62
57 64
57 65
57 68
57 70
57 71
57 74
57 75
57 76
57 77
57 78
57 80
57 83
57 84
57 88
57 89
57 91
57 93
57 94
58 59
58 62
58 64
58 68
58 71
58 76
58 77
58 78
58 81
58 82
58 83
58 84
58 88
58 94
59 62
59 64
59 68
59 71
59 76
59 77
59 78
59 81
59 82
59 83
59 84
59 88
59 94
60 66
60 67
60 71
60 73
60 77
60 78
60 83
60 84
60 86
60 88
60 90
60 92
60 94
61 62
61 63
61 64
61 68
61 69
61 70
61 71
61 72
61 74
61 76
61 77
61 78
61 79
61 83
61 84
61 88
61 91
61 94
62 64
62 68
62 70
62 71
62 74
62 76
62 77
62 78
62 81
62 82
62 83
62 84
62 85
62 88
62 91
62 94
63 66
63 67
63 69
63 71
63 73
63 77
63 78
63 79
63 81
63 83
63 84
63 88
63 89
63 92
63 93
63 94
64 68
64 70
64 71
64 74
64 76
64 77
64 78
64 81
64 82
64 83
64 84
64 85
64 88
64 91
64 94
65 66
65 67
65 71
65 72
65 73
65 75
65 77
65 78
65 80
65 83
65 84
65 88
65 92
65 94
66 67
66 69
66 71
66 72
66 73
66 75
66 77
66 78
66 79
66 80
66 83
66 84
66 86
66 87
66 88
66 89
66 90
66 92
66 93
66 94
67 69
67 71
67 72
67 73
67 75
67 77
67 78
67 79
67 80
67 83
67 84
67 86
67 87
67 88
67 89
67 90
67 92
67 93
67 94
68 70
68 71
68 74
68 76
68 77
68 78
68 81
68 82
68 83
68 84
68 85
68 88
68 91
68 94
69 71
69 73
69 77
69 78
69 79
69 81
69 83
69 84
69 88
69 89
69 92
69 93
69 94
70 71
70 74
70 76
70 77
70 78
70 83
70 84
70 88
70 91
70 94
71 72
71 73
71 74
71 75
71 76
71 77
71 78
71 79
71 80
71 81
71 82
71 83
71 84
71 85
71 86
71 87
71 88
71 89
71 90
71 91
71 92
71 93
71 94
72 73
72 75
72 77
72 78
72 80
72 83
72 84
72 88
72 92
72 94
73 75
73 77
73 78
73 79
73 80
73 83
73 84
73 86
73 87
73 88
73 89
73 90
73 92
73 93
73 94
74 76
74 77
74 78
74 83
74 84
74 88
74 91
74 94
75 77
75 78
75 80
75 83
75 84
75 88
75 92
75 94
76 77
76 78
76 81
76 82
76 83
76 84
76 85
76 88
76 91
76 94
77 78
77 79
77 80
77 81
77 82
77 83
77 84
77 85
77 86
77 87
77 88
77 89
77 90
77 91
77 92
77 93
77 94
78 79
78 80
78 81
78 82
78 83
78 84
78 85
78 86
78 87
78 88
78 89
78 90
78 91
78 92
78 93
78 94
79 81
79 83
79 84
79 88
79 89
79 92
79 93
79 94
80 83
80 84
80 88
80 92
80 94
81 82
81 83
81 84
81 87
81 88
81 94
82 83
82 84
82 88
82 89
82 93
82 94
83 84
83 85
83 86
83 87
83 88
83 89
83 90
83 91
83 92
83 93
83 94
84 85
84 86
84 87
84 88
84 89
84 90
84 91
84 92
84 93
84 94
85 88
85 90
85 94
86 88
86 90
86 92
86 94
87 88
87 92
87 94
88 89
88 90
88 91
88 92
88 93
88 94
89 92
89 93
89 94
90 92
90 94
91 94
92 93
92 94
93 94
